0 0.1462488129154796 0.13004172461752433 0.22032288698955366 0.26008344923504867
0 0.3755935422602089 0.17315716272600834 0.2744539411206078 0.3463143254520167
0 0.637701804368471 0.2698191933240612 0.2573599240265907 0.3435326842837274
0 0.8209876543209876 0.35048678720445064 0.15954415954415954 0.26842837273991654
0 0.9425451092117759 0.41307371349095967 0.11301044634377967 0.24478442280945759
0 0.825735992402659 0.6244784422809457 0.16904083570750236 0.30180806675938804
0 0.6680911680911681 0.5917941585535466 0.19278252611585944 0.32962447844228093
0 0.45584045584045585 0.527816411682893 0.28774928774928776 0.36995827538247567
0 0.1581196581196581 0.4575799721835883 0.3162393162393162 0.43949930458970793
0 0.8528015194681862 0.8887343532684284 0.2184235517568851 0.21974965229485396
0 0.6733143399810066 0.8734353268428373 0.19183285849952517 0.25034770514603616
0 0.439696106362773 0.8344923504867872 0.32098765432098764 0.3282336578581363
0 0.13770180436847104 0.7753824756606398 0.2754036087369421 0.3129346314325452