0 0.709375 0.24375 0.3328125 0.23194444444444445
0 0.4265625 0.3298611111111111 0.15234375 0.20833333333333334
0 0.205078125 0.525 0.1953125 0.2777777777777778
0 0.41875 0.5548611111111111 0.19140625 0.2152777777777778
0 0.653515625 0.65625 0.271875 0.4652777777777778
0 0.905859375 0.7125 0.18671875 0.325
0 0.174609375 0.8263888888888888 0.1921875 0.3125
0 0.410546875 0.8083333333333333 0.2234375 0.3416666666666667
0 0.241015625 0.14652777777777778 0.1703125 0.2013888888888889
0 0.426171875 0.11805555555555555 0.15078125 0.2013888888888889
0 0.83359375 0.08541666666666667 0.2265625 0.17083333333333334