0 0.08736942070275404 0.1995827538247566 0.17473884140550808 0.36300417246175243
0 0.3214624881291548 0.20445062586926285 0.23931623931623933 0.3379694019471488
0 0.5954415954415955 0.22809457579972184 0.2288698955365622 0.29346314325452016
0 0.7867996201329535 0.24130737134909597 0.13485280151946819 0.24061196105702365
0 0.9330484330484331 0.2524339360222531 0.12725546058879392 0.21557719054242003
0 0.8366571699905033 0.5055632823365785 0.14055080721747387 0.27399165507649514
0 0.6785375118708452 0.5292072322670376 0.16144349477682812 0.29763560500695413
0 0.46153846153846156 0.5431154381084841 0.2573599240265907 0.3129346314325452
0 0.16049382716049382 0.5799721835883171 0.2801519468186135 0.3769123783031989
0 0.9121557454890789 0.8226703755215578 0.1737891737891738 0.3240611961057024
0 0.7359924026590693 0.8407510431154381 0.15954415954415954 0.29902642559109877
0 0.4985754985754986 0.8567454798331016 0.2943969610636277 0.28372739916550765
0 0.18281101614434947 0.8866481223922114 0.27635327635327633 0.2239221140472879