0 0.08262108262108261 0.29833101529902645 0.16524216524216523 0.3963838664812239
0 0.292022792022792 0.24895688456189152 0.26970560303893637 0.3852573018080668
0 0.5655270655270656 0.20931849791376914 0.25451092117758783 0.33936022253129344
0 0.7559354226020892 0.1787204450625869 0.157644824311491 0.26564673157162727
0 0.9012345679012346 0.1564673157162726 0.14719848053181386 0.24061196105702365
0 0.8328584995251662 0.4283727399165508 0.16619183285849953 0.29902642559109877
0 0.6794871794871795 0.48817802503477054 0.1899335232668566 0.32684283727399166
0 0.46676163342830007 0.5514603616133519 0.2849002849002849 0.36439499304589706
0 0.1728395061728395 0.6571627260083449 0.3143399810066477 0.4325452016689847
0 0.9192782526115859 0.721835883171071 0.15954415954415954 0.3588317107093185
0 0.7697056030389364 0.782336578581363 0.18803418803418803 0.32962447844228093
0 0.5375118708452041 0.8393602225312935 0.3190883190883191 0.3184979137691238
0 0.2288698955365622 0.9061196105702365 0.2962962962962963 0.18497913769123783