0 0.71640625 0.26319444444444445 0.328125 0.2013888888888889
0 0.431640625 0.3236111111111111 0.14765625 0.19444444444444445
0 0.2046875 0.49722222222222223 0.18828125 0.2611111111111111
0 0.4171875 0.5472222222222223 0.18671875 0.1986111111111111
0 0.648828125 0.6701388888888888 0.26015625 0.44305555555555554
0 0.901171875 0.75 0.18203125 0.30833333333333335
0 0.165234375 0.7958333333333333 0.184375 0.2972222222222222
0 0.4015625 0.7993055555555556 0.21484375 0.3236111111111111
0 0.251953125 0.12291666666666666 0.165625 0.18611111111111112
0 0.4375 0.11180555555555556 0.1453125 0.18888888888888888
0 0.84609375 0.09652777777777778 0.221875 0.19305555555555556