0 0.690234375 0.2 0.3390625 0.2986111111111111
0 0.415625 0.3472222222222222 0.1625 0.23472222222222222
0 0.208984375 0.5888888888888889 0.20859375 0.3125
0 0.423046875 0.5722222222222222 0.20078125 0.2513888888888889
0 0.66328125 0.6215277777777778 0.29609375 0.5111111111111111
0 0.907421875 0.6229166666666667 0.18359375 0.35694444444444445
0 0.19921875 0.8597222222222223 0.209375 0.2777777777777778
0 0.432421875 0.8159722222222222 0.24140625 0.36527777777777776
0 0.21875 0.2048611111111111 0.1796875 0.23194444444444445
0 0.40078125 0.13680555555555557 0.16015625 0.22916666666666666
0 0.80078125 0.06180555555555556 0.2359375 0.12361111111111112