0 0.179296875 0.35347222222222224 0.2421875 0.48194444444444445
0 0.5375 0.2875 0.1765625 0.31666666666666665
0 0.396484375 0.46944444444444444 0.18359375 0.3125
0 0.278125 0.5090277777777777 0.55625 0.9791666666666666
0 0.545703125 0.4965277777777778 0.12109375 0.18888888888888888
0 0.225390625 0.6965277777777777 0.17578125 0.2916666666666667
0 0.51484375 0.6868055555555556 0.140625 0.2388888888888889
0 0.54609375 0.09166666666666666 0.2390625 0.18333333333333332
0 0.33359375 0.9173611111111111 0.16875 0.1625
0 0.352734375 0.18472222222222223 0.20703125 0.30972222222222223
0 0.0390625 0.34444444444444444 0.078125 0.25555555555555554