0 0.196484375 0.2659722222222222 0.21171875 0.44166666666666665
0 0.555859375 0.30069444444444443 0.15859375 0.2847222222222222
0 0.400390625 0.4409722222222222 0.16640625 0.2777777777777778
0 0.259375 0.5013888888888889 0.51875 0.9944444444444445
0 0.5453125 0.5090277777777777 0.1109375 0.1638888888888889
0 0.21171875 0.6173611111111111 0.159375 0.25833333333333336
0 0.498046875 0.6888888888888889 0.12734375 0.2125
0 0.584375 0.08680555555555555 0.23125 0.1736111111111111
0 0.29296875 0.8993055555555556 0.153125 0.1986111111111111
0 0.38203125 0.14791666666666667 0.1921875 0.26805555555555555
0 0.044921875 0.2125 0.08984375 0.2361111111111111