0 0.2375 0.18472222222222223 0.2203125 0.36944444444444446
0 0.58125 0.33055555555555555 0.1625 0.29305555555555557
0 0.411328125 0.4 0.1703125 0.2861111111111111
0 0.26640625 0.46111111111111114 0.5328125 0.9222222222222223
0 0.542578125 0.5284722222222222 0.11328125 0.16944444444444445
0 0.204296875 0.4895833333333333 0.16328125 0.26666666666666666
0 0.47265625 0.6826388888888889 0.13046875 0.21805555555555556
0 0.640625 0.11944444444444445 0.2328125 0.21805555555555556
0 0.24140625 0.8236111111111111 0.15625 0.2569444444444444
0 0.433984375 0.12361111111111112 0.19609375 0.24722222222222223
0 0.090234375 0.07152777777777777 0.10859375 0.14305555555555555